00000000000011111100000000000000
00000000000111111110000000000000
00000000000111111111000000000000
00000000011111111111100000000000
00000000011111111111110000000000
00000000111111000111111000000000
00000001111110000011111100000000
00000011111110000011111110000000
00000011111100000001111110000000
00000011111100000001111110000000
00000011111100000001111110000000
00000011111100000001111110000000
00000001111100000001111110000000
00000001111100000001111110000000
00000001111100000001111110000000
00000001111100000001111110000000
00000001111100000001111110000000
00000001111100000001111110000000
00000001111100000000111110000000
00000001111100000000111110000000
00000001111100000000111110000000
00000001111100000000111110000000
00000001111100000000111110000000
00000001111110000001111110000000
00000001111111000001111110000000
00000000111111100011111100000000
00000000011111110111111100000000
00000000000111111111111000000000
00000000000111111111110000000000
00000000000011111111100000000000
00000000000001111111000000000000
00000000000000011100000000000000