00000000000001111100000000000000
00000000000001111100000000000000
00000000001110000011100000000000
00000000001110000011100000000000
00000000001100000001100000000000
00000001110000000000011100000000
00000001110000000000011100000000
00000001110000000000011100000000
00000001110000000000011100000000
00000001110000000000011100000000
00000001110000000000011100000000
00000001110000000000011100000000
00000001110000000000011100000000
00000001110000000000011100000000
00000001110000000000011100000000
00000001110000000000011100000000
00000001110000000000011100000000
00000001110000000000011100000000
00000001110000000000011100000000
00000001110000000000011100000000
00000001110000000000011100000000
00000001110000000000011100000000
00000001110000000000011100000000
00000001110000000000011100000000
00000001110000000000011100000000
00000000001100000001100000000000
00000000001100000001100000000000
00000000001110000011100000000000
00000000000001111100000000000000
00000000000001111100000000000000
00000000000001111100000000000000
00000000000000000000000000000000