00000000001111111111100000000000
00000000011111111111110000000000
00000001111110000011111100000000
00000001111110000011111100000000
00000001111110000011111100000000
00000001111110000011111100000000
00000001111110000011111100000000
00000011111110000011111100000000
00001111111110000011111100000000
00001111111100000001111100000000
00001111111000000000111110000000
00001111110000000000011111100000
00001111110000000000011111100000
00001111110000000000011111100000
00001111110000000000011111100000
00001111110000000000011111100000
00001111110000000000011111100000
00001111110000000000011111100000
00001111110000000000011111100000
00001111111000000000111111000000
00001111111100000001111100000000
00001111111110000011111100000000
00000011111110000011111100000000
00000001111110000011111100000000
00000001111110000011111100000000
00000001111110000011111100000000
00000001111110000011111100000000
00000001111110000011111100000000
00000000011111111111110000000000
00000000001111111111100000000000
00000000001111111111100000000000
00000000000000000000000000000000