00000000111111111111000000000000
00000000111111111111100000000000
00000000111111111111111000000000
00000000111111111111111000000000
00000011111111000111111000000000
00000011111110000011111000000000
00000011111100000011111100000000
00000011111000000011111110000000
00000011111000000011111110000000
00000011111000000000111110000000
00000011111000000000111110000000
00000011111000000000111110000000
00000011111000000000111110000000
00000011111000000000111110000000
00000011111000000000111110000000
00000011111000000000111110000000
00000011111000000000111110000000
00000011111000000000111110000000
00000011111000000000111110000000
00000011111000000000111110000000
00000011111000000000111110000000
00000011111000000001111110000000
00000011111000000011111110000000
00000011111000000011111110000000
00000011111110000011111000000000
00000011111110000011111000000000
00000001111111111111111000000000
00000000111111111111111000000000
00000000111111111111110000000000
00000000111111111111100000000000
00000000111111111111000000000000
00000000000000000000000000000000