00000000001111111111110000000000
00000000011111111111110000000000
00000000111111100111111100000000
00000001111111000111111100000000
00000011111110000001111100000000
00000111111100000001111100000000
00000111111100000001111100000000
00000111111100000001111100000000
00000111111000000001111110000000
00000111110000000001111111000000
00000111110000000001111111000000
00000111110000000001111111000000
00000111110000000001111111000000
00000111110000000001111111000000
00000111110000000001111111000000
00000111110000000001111111000000
00000111110000000001111111000000
00000111110000000001111111000000
00000111110000000001111111000000
00000111110000000001111111000000
00000111110000000001111111000000
00000111110000000001111111000000
00000111110000000001111100000000
00000111110000000001111100000000
00000111111000000001111100000000
00000111111100000001111100000000
00000011111110000001111100000000
00000000111111000111111100000000
00000000111111100111111000000000
00000000001111111111110000000000
00000000001111111111100000000000
00000000000000000000000000000000