00000000000111111111000000000000
00000000001111111111100000000000
00000000011111111111110000000000
00000000111111111111111000000000
00000001111111110111111100000000
00000001111111100011111100000000
00000001111111000000111100000000
00000001111110000000111100000000
00000001111100000000111111000000
00000001111000000000111111000000
00000111111000000000111111000000
00000111111000000000111111000000
00000111111000000000111111000000
00000111111000000000111111000000
00000111111000000000111111000000
00000111111000000000111111000000
00000111111000000000111111000000
00000111111000000000111111000000
00000111111000000000111111000000
00000111111000000000111111000000
00000111111000000000111111000000
00000001111000000000111111000000
00000001111100000000111111000000
00000001111110000000111100000000
00000001111111000001111100000000
00000001111111100011111100000000
00000001111111110111111100000000
00000000011111111111111100000000
00000000011111111111111100000000
00000000000111111111111000000000
00000000000111111111110000000000
00000000000000000000000000000000