00000000000111111111000000000000
00000000000111111111000000000000
00000000000111111111000000000000
00000000000111111111000000000000
00000000000111111111000000000000
00000000000111111111000000000000
00000000000111111111000000000000
00000000000111111111000000000000
00000000000111111111000000000000
00000000000111111111000000000000
00000000001111111111100000000000
00000000011111111111110000000000
00011111111111111111111111110000
00111111111111111111111111111000
00111111111111111111111111111000
00011111111111111111111111110000
00001111111111111111111111100000
00000000001111111111100000000000
00000000000111111111000000000000
00000000000111111111000000000000
00000000000111111111000000000000
00000000000111111111000000000000
00000000000111111111000000000000
00000000000111111111000000000000
00000000000111111111000000000000
00000000000111111111000000000000
00000000000111111111000000000000
00000000000111111111000000000000
00000000000111111111000000000000
00000000000011111110000000000000
00000000000000000000000000000000
00000000000000000000000000000000