00000000000000111111110000000000
00000000000000111111110000000000
00000000000000111111110000000000
00000000000000111111110000000000
00000000000000111111110000000000
00000000000000111111110000000000
00000000000000111111110000000000
00000000000000111111110000000000
00000000000000111111110000000000
00111111111111111111111111111110
01111111111111111111111111111110
11111111111111111111111111111110
11111111111111111111111111111110
11111111111111111111111111111110
11111111111111111111111111111110
01111111111111111111111111111110
00111111111111111111111111111110
00000000000000111111110000000000
00000000000000111111110000000000
00000000000000111111110000000000
00000000000000111111110000000000
00000000000000111111110000000000
00000000000000111111110000000000
00000000000000111111110000000000
00000000000000111111110000000000
00000000000000011111110000000000
00000000000000011111100000000000
00000000000000000000000000000000
00000000000000000000000000000000
00000000000000000000000000000000
00000000000000000000000000000000
00000000000000000000000000000000