00000000000000111110000000000000
00000000000000111110000000000000
00000000000000111110000000000000
00000000000000111110000000000000
00000000000000111110000000000000
00000000000000111110000000000000
00000000000001111111000000000000
00011111111111111111111111111110
00111111111111111111111111111110
01111111111111111111111111111110
01111111111111111111111111111110
00111111111111111111111111111110
00000000000001111111000000000000
00000000000000111110000000000000
00000000000000111110000000000000
00000000000000111110000000000000
00000000000000111110000000000000
00000000000000111110000000000000
00000000000000111110000000000000
00000000000000111110000000000000
00000000000000111110000000000000
00000000000000111110000000000000
00000000000000111110000000000000
00000000000000011110000000000000
00000000000000011100000000000000
00000000000000000000000000000000
00000000000000000000000000000000
00000000000000000000000000000000
00000000000000000000000000000000
00000000000000000000000000000000
00000000000000000000000000000000
00000000000000000000000000000000