00000000000011111111100000000000
00000000000011111111100000000000
00111110000011111111100000111110
01111111000011111111100001111110
11111111100011111111100011111110
11111111100011111111100011111110
11111111111111111111111111111110
11111111111111111111111111111110
11111111111111111111111111111110
01111111111111111111111111111110
00111111111111111111111111111110
00000000111111111111111110000000
00000000111111111111111110000000
00000000111111111111111110000000
00000011111111111111111111100000
00000111111111111111111111110000
00001111111111111111111111111000
00001111111111111111111111111000
00111111111111111111111111111110
01111111111111111111111111111110
11111111111111111111111111111110
01111111111111111111111111111110
00111111111111111111111111111110
00000000000011111111100000000000
00000000000011111111100000000000
00000000000011111111100000000000
00000000000011111111100000000000
00000000000011111111100000000000
00000000000011111111100000000000
00000000000001111111000000000000
00000000000000111110000000000000
00000000000000000000000000000000