00000000000000111110000000000000
00000000000000111110000000000000
00000000000000111110000000000000
00110000000000111110000000000110
01111000000000111110000000000110
01111100000000111110000000001110
01111100000001111111000000011110
01111111111111111111111111111110
01111111111111111111111111111110
01111111111111111111111111111110
01111111111111111111111111111110
00111111111111111111111111111110
00000000011111111111111110000000
00000000001111111111111100000000
00000000001111111111111100000000
00000000011111111111111110000000
00000000111111111111111111000000
00000011111111111111111111100000
00000011111111111111111111110000
00000111111111111111111111111000
00001111111111111111111111111100
00111111111001111111101111111110
01111111110000111111000111111110
01111111110000111110000011111110
00111111100000111110000011111110
00011111000000111110000000111110
00000000000000111110000000000000
00000000000000111110000000000000
00000000000000011110000000000000
00000000000000001100000000000000
00000000000000000000000000000000
00000000000000000000000000000000