00000000000000111111111100000000
00000000000000111111111100000000
00000000000000111111111100000000
00111111100000111111000011111110
01111111110000111110000011111110
01111111110000111110000111111110
00111111111001111111000111111110
00011111111111111111111111111100
00000111111111111111111111111000
00000111111111111111111111110000
00000011111111111111111111110000
00000001111111111111111111110000
00000000011111111111111111110000
00000000001111111111111111110000
00000000001111111111111111110000
00000000001111111111111111111000
00011111111111111111111111111110
00111111110000111111000111111110
01111111110000111110000111111110
01111111110000111110000011111110
00111111100000111110000001111110
00000000000000111110000000000000
00000000000000111110000000000000
00000000000000111110000000000000
00000000000000111111000000000000
00000000000000111111100000000000
00000000000000111111111000000000
00000000000000111111111000000000
00000000000000011111111000000000
00000000000000001111110000000000
00000000000000000000000000000000
00000000000000000000000000000000