00000000000000011111110000000000
00000000000000011111110000000000
00000000000000011111110000000000
00000000000000011111110000000000
00000000000000011111110000000000
00001111111000011111111111111100
00011111111100011111111111111100
00111111111100011111111111111100
00111111111111111111111111111100
00111111111111111111111111111100
00011111111111111111111111111100
00001111111111111111111111111100
00000000111111111111111110000000
00000000011111111111111110000000
00000000011111111111111110000000
00000000011111111111111110000000
00000000011111111111111110000000
00000000111111111111111110000000
00011111111111111111111111111100
00111111111111111111111111111100
00111111111111111111111111111100
00111111111110111111111111111100
00111111111100011111111111111100
00011111111100011111111111111100
00001111110000011111111111111100
00000000000000011111110000000000
00000000000000011111110000000000
00000000000000011111110000000000
00000000000000011111110000000000
00000000000000011111100000000000
00000000000000001111100000000000
00000000000000000000000000000000