00000000000001111100000000000000
00000000000001111100000000000000
00000000000001111100000000000000
00000000000001111100000000000000
00000000000001111100000000000000
00111111100001111100001111111000
01111111110011111110011111111100
01111111111011111110111111111100
01111111111111111111111111111100
01111111111111111111111111111100
00111111111111111111111111111000
00011111111111111111111111110000
00001111111111111111111111100000
00000111111111111111111111000000
00000000000011111111110000000000
00000000000011111111110000000000
00000111111111111111111111000000
00001111111111111111111111100000
00001111111111111111111111100000
00111111111111111111111111111000
01111111111111111111111111111100
01111111111111111111111111111100
01111111111111111111111111111100
01111111110011111110011111111100
01111111100001111100001111111100
00000000000001111100000000000000
00000000000001111100000000000000
00000000000001111100000000000000
00000000000001111100000000000000
00000000000001111100000000000000
00000000000001111100000000000000
00000000000000000000000000000000