00000000000000111111110000000000
00000000000000111111110000000000
00000100000000111111110000000010
00001110000000111111110000000110
00001111000000111111110000001110
00011111100000111111111000001110
01111111110000111111111111111110
11111111111000111111111111111110
01111111111100111111111111111110
00111111111111111111111111111100
00011111111111111111111111111000
00001111111111111111111111111000
00000111111111111111111111110000
00000000001111111111111111000000
00000000000111111111111110000000
00000000001111111111111111000000
00000011111111111111111111111110
00001111111111111111111111111110
00001111111111111111111111111110
00011111111111111111111111111110
01111111111101111111111011111110
11111111111000111111110001111110
01111111111000111111110000111110
00111111100000111111110000011110
00000000000000111111110000000000
00000000000000111111110000000000
00000000000000111111110000000000
00000000000000111111110000000000
00000000000000111111110000000000
00000000000000011111100000000000
00000000000000001111000000000000
00000000000000000000000000000000