00000000000001111100000000000000
00000000000001111100000000000000
00000000000001111100000000000000
00000000000001111100000000000000
00000000000001111100000000000000
00111111100001111100000001111000
01111111110011111110000011111100
01111111111011111110000111111100
01111111111111111111111111111100
01111111111111111111111111111100
00111111111111111111111111111100
00011111111111111111111111111100
00001111111111111111111111111100
00000111111111111111111111111000
00000000011111111111111110000000
00000000011111111111111100000000
00000111111111111111111111111000
00001111111111111111111111111100
00001111111111111111111111111100
00111111111111111111111111111100
01111111111111111111111111111100
01111111111111111111111111111100
00011111111111111111000111111100
00001111110011111110000011111100
00001111100001111100000001111100
00000000000001111100000000000000
00000000000001111100000000000000
00000000000001111100000000000000
00000000000001111100000000000000
00000000000001111100000000000000
00000000000001111100000000000000
00000000000000000000000000000000