01111000000000000000000000001110
01111000000000000000000000001110
00011000000000000000000000001110
00000111100000000000000001110000
00000111110000000000000011110000
00000011110000000000000011110000
00000011110000000000000011100000
00000000001100000000011100000000
00000000001111000000111100000000
00000000001111000001111100000000
00000000001111100001111000000000
00000000000111100001110000000000
00000000000000111110000000000000
00000000000000111110000000000000
00000000000000111110000000000000
00000000000000111110000000000000
00000000000011111111100000000000
00000000000111100001111000000000
00000000001111100001111000000000
00000000001111000001111100000000
00000000001110000000111100000000
00000001110000000000000011100000
00000011110000000000000011110000
00000111110000000000000011110000
00000111100000000000000011110000
00000111000000000000000000110000
00111000000000000000000000001110
01111000000000000000000000001110
01111000000000000000000000000110
00110000000000000000000000000110
00000000000000000000000000000000
00000000000000000000000000000000