11100000000000000000000000111110
11110000000000000000000001111110
11111100000000000000000111111110
11111100000000000000000111111110
01111110000000000000001111111110
00111111000000000000011111111100
00011111100000000000111111111000
00001111110000000001111111111000
00000111111000000011111111100000
00000011111110001111111111000000
00000001111110001111111110000000
00000000111111011111111100000000
00000000011111111111111000000000
00000000001111111111110000000000
00000000001111111111110000000000
00000000001111111111000000000000
00000000001111111110000000000000
00000000011111111111000000000000
00000001111111111111110000000000
00000001111111111111110000000000
00000011111111111111111000000000
00000011111111000011111100000000
00000011111110000001111110000000
00000011111110000000111111000000
00000111111000000000011111100000
00001111110000000000001111111000
00011111100000000000000111111000
00111111000000000000000011111100
01111110000000000000000001111110
11111100000000000000000000111110
01111100000000000000000000011110
00000000000000000000000000000000