11110000000000000000000000000110
01110000000000000000000000000110
00001100000000000000000000011000
00001110000000000000000001111000
00001110000000000000000001110000
00000110000000000000000001110000
00000001110000000000001110000000
00000001111000000000001110000000
00000000111000000000001110000000
00000000000110000000110000000000
00000000000111000011110000000000
00000000000111100011100000000000
00000000000011100011100000000000
00000000000000111100000000000000
00000000000000111100000000000000
00000000000000111100000000000000
00000000000001111111000000000000
00000000000111100011100000000000
00000000000111000011110000000000
00000000000111000001110000000000
00000000111000000000001100000000
00000000111000000000001110000000
00000001111000000000001110000000
00000001100000000000000110000000
00001110000000000000000001110000
00001110000000000000000001111000
00001110000000000000000000111000
01110000000000000000000000000110
01110000000000000000000000000110
01110000000000000000000000000110
00000000000000000000000000000010
00000000000000000000000000000000