11111000000000000000000011111000
11111000000000000000000011111000
11111110000000000000001111111000
11111110000000000000001111111000
01111111100000000000111111110000
00111111110000000001111111100000
00011111111000000001111111000000
00001111111100000001111110000000
00000111111100000001111100000000
00000011111111000011111000000000
00000001111111100111110000000000
00000000111111111111100000000000
00000000011111111111000000000000
00000000001111111110000000000000
00000000000111111110000000000000
00000000000011111111000000000000
00000000000111111111100000000000
00000000001111111111110000000000
00000000011111111111110000000000
00000000111110001111111100000000
00000001111100000111111110000000
00000011111000000011111111000000
00000111110000000001111111100000
00001111100000000000111111100000
00011111000000000000011111111000
00111110000000000000001111111000
01111100000000000000000111111110
11111000000000000000000011111110
11110000000000000000000001111110
00000000000000000000000000000000
00000000000000000000000000000000
00000000000000000000000000000000