00000000000000000000000000000000
00000000000000000000000000000000
00111110000000000000000000111110
01111111000000000000000001111110
11111111100000000000000011111110
01111111100000000000000011111110
00111111111000000000001111111110
00001111111100000000011111111000
00001111111110000000111111111000
00000111111110000000111111110000
00000011111111111111111111100000
00000000111111111111111110000000
00000000111111111111111110000000
00000000011111111111111100000000
00000000001111111111111000000000
00000000000011111111100000000000
00000000000011111111100000000000
00000000000011111111100000000000
00000000001111111111111000000000
00000000011111111111111100000000
00000000111111111111111110000000
00000000111111111111111110000000
00000011111111111111111111100000
00000111111110000000111111110000
00001111111110000000111111111000
00001111111100000000011111111000
00111111111000000000001111111110
01111111100000000000000011111110
11111111100000000000000011111110
01111111000000000000000001111110
00111110000000000000000000111110
00000000000000000000000000000000