01111100000000000000000000001100
01111100000000000000000000011100
01111111000000000000000000111100
01111111000000000000000000111100
01111111110000000000000011111100
01111111110000000000000011111100
00011111111100000000001111111000
00011111111100000000011111110000
00001111111100000000111111100000
00000111111100000001111111000000
00000011111110000001111110000000
00000000111111000111111100000000
00000000111111100111111000000000
00000000001111111111110000000000
00000000001111111111100000000000
00000000000111111111000000000000
00000000000011111110000000000000
00000000000111111111000000000000
00000000001111111111100000000000
00000000001111111111110000000000
00000000111111100111111000000000
00000000111111000111111100000000
00000011111110000001111110000000
00000111111100000001111111000000
00001111111000000000111111100000
00011111110000000000011111110000
00011111100000000000001111111000
01111111000000000000000011111100
01111110000000000000000011111100
01111100000000000000000000111100
01111000000000000000000000111100
00000000000000000000000000000000