00000000000011111110000000000000
00000000000011111111000000000000
00000000000011111111100000000000
00000000000011111111100000000000
00000000000011111111100000000000
00000000000011111111000000000000
00000000000011111110000000000000
00000000000001111100000000000000
00000000000000000000000000000000
00000000000000000000000000000000
00000000000000000000000000000000
00000000000000000000000000000000
11111111111111111111111111111110
11111111111111111111111111111110
11111111111111111111111111111110
11111111111111111111111111111110
01111111111111111111111111111110
00000000000000000000000000000000
00000000000000000000000000000000
00000000000000000000000000000000
00000000000000000000000000000000
00000000000000000000000000000000
00000000000000000000000000000000
00000000000001111100000000000000
00000000000011111110000000000000
00000000000011111111000000000000
00000000000011111111100000000000
00000000000011111111100000000000
00000000000001111111100000000000
00000000000000111110000000000000
00000000000000011110000000000000
00000000000000000000000000000000