00000000000000000000000000000000
00000000000000000000000000000000
00000000000011111110000000000000
00000000000011111110000000000000
00000000000011111110000000000000
00000000000011111110000000000000
00000000000011111110000000000000
00000000000001111100000000000000
00000000000000000000000000000000
00000000000000000000000000000000
00000000000000000000000000000000
00000000000000000000000000000000
11111111111111111111111111111110
11111111111111111111111111111110
11111111111111111111111111111110
11111111111111111111111111111110
01111111111111111111111111111110
00000000000000000000000000000000
00000000000000000000000000000000
00000000000000000000000000000000
00000000000000000000000000000000
00000000000001111110000000000000
00000000000011111110000000000000
00000000000011111110000000000000
00000000000011111110000000000000
00000000000011111110000000000000
00000000000011111110000000000000
00000000000011111000000000000000
00000000000001110000000000000000
00000000000000000000000000000000
00000000000000000000000000000000
00000000000000000000000000000000