00000000000000000000000000000000
00000000000000000000000000000000
00000000000111111100000000000000
00000000001111111110000000000000
00000000001111111110000000000000
00000000001111111110000000000000
00000000000111111100000000000000
00000000000000000000000000000000
00000000000000000000000000000000
00000000000000000000000000000000
00000000000000000000000000000000
00000000000000000000000000000000
00000000000000000000000000000000
00000000000000000000000000000000
00000000000000000000000000000000
01111111111111111111111111111110
11111111111111111111111111111110
01111111111111111111111111111110
00000000000000000000000000000000
00000000000000000000000000000000
00000000000000000000000000000000
00000000000000000000000000000000
00000000000000000000000000000000
00000000000111111100000000000000
00000000001111111110000000000000
00000000001111111110000000000000
00000000001111111110000000000000
00000000000111111100000000000000
00000000000011111000000000000000
00000000000000000000000000000000
00000000000000000000000000000000
00000000000000000000000000000000