00000011110000000000001111000000
00000011111000000000011111000000
00000011111000000000011111000000
00000011111000000000011111000000
00000001111100000000111110000000
00000001111100000001111110000000
00000001111110000001111110000000
00000001111110000001111100000000
00000000111110000001111100000000
00000000111110000011111000000000
00000000111111000011111000000000
00000000011111000111111000000000
00000000011111000111110000000000
00000000011111100111110000000000
00000000011111101111100000000000
00000000001111101111100000000000
00000000000111101111100000000000
00000000000111111111000000000000
00000000000111111111000000000000
00000000000111111110000000000000
00000000000111111110000000000000
00000000000011111110000000000000
00000000000011111110000000000000
00000000000001111100000000000000
00000000000001111000000000000000
00000000000011111000000000000000
00000000000111111000000000000000
00000000000111110000000000000000
00000000000111110000000000000000
00000000001111110000000000000000
00000000001111100000000000000000
00000000001111100000000000000000