00000111110000000000011111000000
00000111111000000000111111000000
00000111111000000000111111000000
00000111111000000000111110000000
00000011111000000000111110000000
00000011111100000001111110000000
00000011111100000001111110000000
00000001111100000011111100000000
00000001111100000011111000000000
00000001111110000011111000000000
00000001111110000111111000000000
00000000111110000111110000000000
00000000111111001111110000000000
00000000011111001111100000000000
00000000011111001111100000000000
00000000011111011111000000000000
00000000001111111111000000000000
00000000001111111111000000000000
00000000001111111110000000000000
00000000001111111110000000000000
00000000000111111100000000000000
00000000000111111100000000000000
00000000000111111100000000000000
00000000000011111000000000000000
00000000000011111000000000000000
00000000000111110000000000000000
00000000001111110000000000000000
00000000001111100000000000000000
00000000001111100000000000000000
00000000011111100000000000000000
00000000011111000000000000000000
00000000011111000000000000000000