00000000000000011111100000000000
00000000000000011111100000000000
00000000000001111111100000000000
00000000000001111111100000000000
00000000000011111111100000000000
00000000001111111111100000000000
00000000001111111111100000000000
00000000001111111111100000000000
00000000001110011111100000000000
00000000001100011111100000000000
00000000000000011111100000000000
00000000000000011111100000000000
00000000000000011111100000000000
00000000000000011111100000000000
00000000000000011111100000000000
00000000000000011111100000000000
00000000000000011111100000000000
00000000000000011111100000000000
00000000000000011111100000000000
00000000000000011111100000000000
00000000000000011111100000000000
00000000000000011111100000000000
00000000000000011111100000000000
00000000000000011111100000000000
00000000000000011111100000000000
00000000000000011111100000000000
00000000000000011111100000000000
00000000000000011111100000000000
00000000000000011111100000000000
00000000000000011111100000000000
00000000000000001111100000000000
00000000000000000000000000000000