00000000000000011100000000000000
00000000000000011100000000000000
00000001111111111100000000000000
00000001111111111100000000000000
00000000111111111100000000000000
00000000000011111100000000000000
00000000000001111100000000000000
00000000000001111100000000000000
00000000000001111100000000000000
00000000000001111100000000000000
00000000000001111100000000000000
00000000000001111100000000000000
00000000000001111100000000000000
00000000000001111100000000000000
00000000000001111100000000000000
00000000000001111100000000000000
00000000000001111100000000000000
00000000000001111100000000000000
00000000000001111100000000000000
00000000000001111100000000000000
00000000000001111100000000000000
00000000000001111100000000000000
00000000000001111100000000000000
00000000000001111100000000000000
00000000000001111100000000000000
00000000000001111100000000000000
00000000000001111100000000000000
00000000000011111110000000000000
00000000111111111111111000000000
00000001111111111111111100000000
00000001111111111111111100000000
00000000000000000000000000000000