00000000000000000000000000000000
00000000000011111000000000000000
00000000000011111000000000000000
00000011111111111000000000000000
00000011111111111000000000000000
00000011111111111000000000000000
00000011111111111000000000000000
00000011111111111000000000000000
00000000000011111000000000000000
00000000000011111100000000000000
00000000000011111100000000000000
00000000000011111100000000000000
00000000000011111100000000000000
00000000000011111100000000000000
00000000000011111100000000000000
00000000000011111100000000000000
00000000000001111100000000000000
00000000000001111100000000000000
00000000000001111100000000000000
00000000000001111100000000000000
00000000000001111100000000000000
00000000000001111100000000000000
00000000000001111100000000000000
00000000000001111110000000000000
00000000000001111110000000000000
00000000000001111110000000000000
00000000111111111111111100000000
00000000111111111111111110000000
00000000111111111111111110000000
00000000111111111111111110000000
00000000111111111111111100000000
00000000000000000000000000000000