00000000000001111100000000000000
00000000000011111110000000000000
00000001111111111110000000000000
00000001111111111110000000000000
00000001111111111110000000000000
00000001111111111110000000000000
00000001111111111110000000000000
00000000000011111110000000000000
00000000000011111110000000000000
00000000000001111110000000000000
00000000000001111110000000000000
00000000000001111110000000000000
00000000000001111110000000000000
00000000000001111110000000000000
00000000000001111110000000000000
00000000000001111110000000000000
00000000000001111110000000000000
00000000000001111110000000000000
00000000000001111110000000000000
00000000000001111110000000000000
00000000000001111110000000000000
00000000000001111110000000000000
00000000000001111111000000000000
00000000000001111111000000000000
00000000000001111111000000000000
00000000000001111111000000000000
00000000011111111111111110000000
00000000011111111111111110000000
00000000011111111111111110000000
00000000011111111111111110000000
00000000011111111111111110000000
00000000000000000000000000000000