00000000000000111110000000000000
00000000000001111110000000000000
00000000011111111110000000000000
00000000011111111110000000000000
00000000011111111110000000000000
00000000011111111110000000000000
00000000011111111110000000000000
00000000000001111110000000000000
00000000000001111110000000000000
00000000000001111110000000000000
00000000000001111110000000000000
00000000000001111110000000000000
00000000000001111110000000000000
00000000000001111110000000000000
00000000000001111110000000000000
00000000000001111110000000000000
00000000000001111110000000000000
00000000000001111110000000000000
00000000000001111110000000000000
00000000000001111110000000000000
00000000000001111110000000000000
00000000000001111110000000000000
00000000000001111110000000000000
00000000000001111110000000000000
00000000000001111110000000000000
00000000000001111110000000000000
00000000011111111111110000000000
00000001111111111111111000000000
00000001111111111111111000000000
00000001111111111111111000000000
00000001111111111111111000000000
00000000011111000001110000000000