00000000001111111111100000000000
00000000001111111111100000000000
00000001110000000000011100000000
00000001110000000000011100000000
00000001110000000000011100000000
00000001110000000000011100000000
00000001110000000000011100000000
00000000100000000000011100000000
00000000000000000000011100000000
00000000000000000000011100000000
00000000000000000000011000000000
00000000000000000001100000000000
00000000000000000011100000000000
00000000000000000011000000000000
00000000000001111100000000000000
00000000000001111100000000000000
00000000000000111111000000000000
00000000000000000011100000000000
00000000000000000001100000000000
00000000000000000000011000000000
00000000000000000000011100000000
00000000000000000000011100000000
00000000100000000000011100000000
00000001110000000000011100000000
00000001110000000000011100000000
00000001110000000000011100000000
00000001110000000000011100000000
00000001110000000000011100000000
00000000001111111111100000000000
00000000001111111111100000000000
00000000001111111111100000000000
00000000000000000000000000000000