00000001111111111111111100000000
00000001111111111111111000000000
00000001110000000000000000000000
00000001110000000000000000000000
00000001110000000000000000000000
00000001110000000000000000000000
00000001110000000000000000000000
00000001110000000000000000000000
00000001110000000000000000000000
00000001110000000000000000000000
00000001111000000000000000000000
00000001111111111100000000000000
00000001111111111100000000000000
00000001111111111100000000000000
00000001110000000011100000000000
00000001100000000001100000000000
00000000000000000000111000000000
00000000000000000000011100000000
00000000000000000000011100000000
00000000000000000000011100000000
00000000000000000000011100000000
00000000000000000000011100000000
00000000100000000000011100000000
00000001110000000000011100000000
00000001110000000000011100000000
00000001110000000001100000000000
00000001110000000001100000000000
00000001110000000011100000000000
00000000001111111100000000000000
00000000001111111100000000000000
00000000001111111100000000000000
00000000000000000000000000000000