00000011111111111111111111000000
00000011111111111111111110000000
00000011111000000000000000000000
00000011110000000000000000000000
00000011110000000000000000000000
00000011110000000000000000000000
00000011110000000000000000000000
00000011110000000000000000000000
00000011111111111100000000000000
00000011111111111110000000000000
00000011111111111110000000000000
00000011111111111110000000000000
00000011110000000001110000000000
00000001110000000001111000000000
00000001100000000000111000000000
00000000000000000000001110000000
00000000000000000000001111000000
00000000000000000000001111000000
00000000000000000000001111000000
00000000000000000000001111000000
00000000000000000000001111000000
00000000000000000000001111000000
00000001100000000000001111000000
00000011110000000000001110000000
00000011110000000000011100000000
00000011110000000000111000000000
00000001110000000001110000000000
00000000110000000001100000000000
00000000001111111110000000000000
00000000001111111110000000000000
00000000000111111100000000000000
00000000000000000000000000000000