00000000111111111111111000000000
00000000111111111111111000000000
00000000111111111111111000000000
00000000111111111111111000000000
00000011111000000000000000000000
00000011111000000000000000000000
00000011111000000000000000000000
00000011111000000000000000000000
00000011111000000000000000000000
00000011111111111111110000000000
00000011111111111111111000000000
00000011111111111111111000000000
00000011111110011111111000000000
00000011111110001111111000000000
00000011111000000111111110000000
00000011110000000011111110000000
00000001100000000001111110000000
00000000000000000000111110000000
00000000000000000000111110000000
00000000000000000000111110000000
00000000000000000000111110000000
00000001100000000000111110000000
00000011110000000000111110000000
00000011111000000000111110000000
00000011111000000011111000000000
00000011111000000011111000000000
00000011111100001111111000000000
00000011111110001111111000000000
00000011111111011111110000000000
00000000111111111111100000000000
00000000111111111111000000000000
00000000000000000000000000000000