00000000111111111111111100000000
00000000111111111111111100000000
00000000111111111111111100000000
00000000111111111111111000000000
00000000110000000000000000000000
00000000110000000000000000000000
00000000110000000000000000000000
00000000110000000000000000000000
00000000110000000000000000000000
00000000110000000000000000000000
00000000111000000000000000000000
00000000111111111111100000000000
00000001111111111111110000000000
00000011111111101111111000000000
00000111111111000111111100000000
00000111111000000011111100000000
00000111110000000001111100000000
00000011100000000001111110000000
00000000000000000001111111000000
00000000000000000001111111000000
00000000110000000001111111000000
00000000110000000001111111000000
00000011110000000001111111000000
00000111110000000001111111000000
00000111110000000001111110000000
00000111110000000001111100000000
00000111111000000001111100000000
00000111111100000111111100000000
00000011111110000111111000000000
00000001111111111111110000000000
00000000111111111111100000000000
00000000000000000000000000000000