00000001111111111111111100000000
00000001111111111111111000000000
00000001111111111111110000000000
00000001111100000000000000000000
00000001111100000000000000000000
00000001111100000000000000000000
00000111111111111100000000000000
00001111111111111110000000000000
00011111111111111111000000000000
00011111111111111111000000000000
00011111111111111111110000000000
00011111111100011111111000000000
00011111111100011111111100000000
00001111111000001111111100000000
00000111110000000111111111000000
00000000000000000001111111100000
00000000000000000001111111110000
00000000000000000001111111110000
00000000000000000001111111110000
00000000000000000001111111110000
00000000000000000001111111110000
00000000000000000001111111100000
00000111110000000111111111000000
00001111111000001111111100000000
00011111111100011111111100000000
00001111111100011111111000000000
00000111111111111111110000000000
00000001111111111111000000000000
00000001111111111111000000000000
00000000111111111110000000000000
00000000011111111100000000000000
00000000000000000000000000000000