00000000000001111100000000000000
00000000000001111100000000000000
00000000001110000011100000000000
00000000001110000011100000000000
00000000001100000001000000000000
00000001110000000000000000000000
00000001110000000000000000000000
00000001110000000000000000000000
00000001110000000000000000000000
00000001110000000000000000000000
00000001110000000000000000000000
00000001110001111111100000000000
00000001110001111111100000000000
00000001111001111111100000000000
00000001111110000000011100000000
00000001111100000000011100000000
00000001111000000000011100000000
00000001110000000000011100000000
00000001110000000000011100000000
00000001110000000000011100000000
00000001110000000000011100000000
00000001110000000000011100000000
00000001110000000000011100000000
00000001110000000000011100000000
00000001110000000000011100000000
00000000001100000000011100000000
00000000001100000000011100000000
00000000001110000000011100000000
00000000000001111111100000000000
00000000000001111111100000000000
00000000000001111111100000000000
00000000000000000000000000000000