00000000000001111110000000000000
00000000000001111110000000000000
00000000000110000001110000000000
00000000001110000001110000000000
00000000001100000000110000000000
00000000110000000000000000000000
00000001110000000000000000000000
00000011110000000000000000000000
00000011110000111111100000000000
00000011110001111111110000000000
00000011110001111111111000000000
00000011111001111111111000000000
00000011111110000000001110000000
00000011111110000000001111000000
00000011111100000000001111000000
00000011110000000000001111000000
00000011110000000000001111000000
00000011110000000000001111000000
00000011110000000000001111000000
00000011110000000000001111000000
00000011110000000000001111000000
00000011110000000000001111000000
00000011110000000000001111000000
00000001110000000000001111000000
00000000111000000000001111000000
00000000001110000000001111000000
00000000001110000000001110000000
00000000000110000000001100000000
00000000000001111111111000000000
00000000000001111111110000000000
00000000000000111111110000000000
00000000000000000000000000000000