00000000000011111100000000000000
00000000000111111111000000000000
00000000001111111111100000000000
00000000011111111111110000000000
00000000111111111111111000000000
00000001111111111111111000000000
00000001111111111111111000000000
00000111111111101111111000000000
00000111111111000111110000000000
00000111111100000000000000000000
00000111111111111111100000000000
00000111111111111111110000000000
00000001111111111111111000000000
00000001111111111111111000000000
00000001111111111111111110000000
00000001111111111111111110000000
00000001111111111111111110000000
00000001111111100011111110000000
00000001111111000011111110000000
00000001111111000011111110000000
00000001111100000011111110000000
00000001111100000011111110000000
00000001111100000000111110000000
00000001111111000000111110000000
00000001111111100000111110000000
00000001111111110001111110000000
00000001111111110011111110000000
00000000011111111111111110000000
00000000011111111111111110000000
00000000001111111111111100000000
00000000000011111111111000000000
00000000000011111111110000000000