00000000000111111111111000000000
00000000001111111111111000000000
00000000111111110011111000000000
00000000111111100011111000000000
00000011111111000011111000000000
00000011111110000011111000000000
00000011111100000001110000000000
00000011111000000000000000000000
00000011111000000000000000000000
00000011111000000000000000000000
00000011111000000000000000000000
00000011111100000000000000000000
00000011111111111111111000000000
00000011111111111111111000000000
00000011111111111111111000000000
00000011111111111111111000000000
00000011111111111111111100000000
00000011111000000000111110000000
00000011111000000000111110000000
00000011111000000000111110000000
00000011111000000000111110000000
00000011111000000000111110000000
00000011111000000000111110000000
00000011111000000000111110000000
00000011111000000000111110000000
00000011111000000000111110000000
00000011111111111111111100000000
00000011111111111111111000000000
00000011111111111111111000000000
00000000111111111111111000000000
00000000111111111111111000000000
00000000000000000000000000000000