00000000000111111100000000000000
00000000000111111111000000000000
00000000001111111111100000000000
00000000011111111111110000000000
00000000111111111111110000000000
00000001111111111111110000000000
00000001111111111111110000000000
00000111111111101111110000000000
00000111111111000111100000000000
00000111111100000000000000000000
00000111111011111111100000000000
00000111111111111111110000000000
00000111111111111111110000000000
00000111111111111111110000000000
00000111111111111111111100000000
00000111111111111111111100000000
00000111111111111111111100000000
00000111111111000011111100000000
00000111111100000011111100000000
00000111111100000011111100000000
00000111111000000011111100000000
00000111111000000011111100000000
00000111111000000011111100000000
00000111111100000011111100000000
00000111111111000011111100000000
00000111111111100011111100000000
00000111111111100011111100000000
00000001111111111111111100000000
00000000111111111111111100000000
00000000011111111111110000000000
00000000000111111111110000000000
00000000000111111111100000000000