00000000000000000000000000000000
00000000000001111110000000000000
00000000000011111110000000000000
00000000000011111111100000000000
00000000001111111111110000000000
00000000001111100111110000000000
00000000011111000011110000000000
00000001111111000011100000000000
00000001111100000000000000000000
00000001111100000000000000000000
00000001111100000000000000000000
00000001111100111111100000000000
00000001111101111111110000000000
00000001111101111111110000000000
00000001111111111111111100000000
00000001111111111111111100000000
00000001111111000000111100000000
00000001111111000000111100000000
00000001111110000000111100000000
00000000111100000000111100000000
00000001111100000000111100000000
00000001111100000000111100000000
00000001111100000000111100000000
00000000111100000000111100000000
00000000111100000000111110000000
00000000111111100000111110000000
00000000011111100000111110000000
00000000001111111111111110000000
00000000000111111111111100000000
00000000000001111111110000000000
00000000000001111111110000000000
00000000000000111111100000000000