00000001111111111111111100000000
00000001111111111111111100000000
00000111111111111111111111000000
00001111111100000001111111100000
00011111111100000001111111110000
00011111111100000001111111110000
00011111111100000001111111110000
00011111111100000001111111110000
00011111111100000001111111110000
00001111111100000001111111100000
00000111111111111111111111000000
00000001111111111111111100000000
00000001111111111111111100000000
00000001111111111111111100000000
00000001111111111111111100000000
00000001111100011111111100000000
00000001111100011111111100000000
00000001111100001111111100000000
00000111111100000111111111000000
00001111111100000001111111100000
00011111111100000001111111110000
00011111111100000001111111110000
00011111111100000001111111110000
00011111111100000001111111110000
00011111111100000001111111110000
00001111111100000001111111100000
00000111111111111111111111000000
00000001111111111111111100000000
00000001111111111111111100000000
00000000111111111111111000000000
00000000011111111111110000000000
00000000000000000000000000000000