00000000111111111111111100000000
00000000111111111111111100000000
00000000111111101111111100000000
00000000111111000111111100000000
00000001111111000011111100000000
00000011111100000001111100000000
00000111111000000000111100000000
00000111111000000000111100000000
00000011111110000000111100000000
00000001111111000000111100000000
00000000111111000000111000000000
00000000011111100000110000000000
00000000001111111111100000000000
00000000000111111111100000000000
00000000000111111111100000000000
00000000111001111111111000000000
00000000111000111111111100000000
00000001111000011111111100000000
00000111111000000000111100000000
00000111111000000000111100000000
00001111111000000000111100000000
00001111111000000000111111000000
00001111111000000000111111100000
00001111111000000000111111100000
00001111111000000001111110000000
00001111111000000011111100000000
00000111111000000111111100000000
00000011111100001111111100000000
00000001111111111111111100000000
00000000111111111111111100000000
00000000011111111111111000000000
00000000000000000000000000000000