00000000001111111111111000000000
00000000001111111111111000000000
00000001110000000000001110000000
00000001110000000000001111000000
00000011110000000000001111000000
00000011110000000000001111000000
00000011110000000000001111000000
00000011110000000000001111000000
00000011110000000000001111000000
00000011110000000000001111000000
00000001110000000000001110000000
00000000110000000000001100000000
00000000001111111111111000000000
00000000001111111111111000000000
00000000001111111111111000000000
00000000001111000001111000000000
00000000001110000001111000000000
00000000001100000000111000000000
00000001110000000000001110000000
00000001110000000000001111000000
00000011110000000000001111000000
00000011110000000000001111000000
00000011110000000000001111000000
00000011110000000000001111000000
00000011110000000000001111000000
00000011110000000000001111000000
00000001110000000000001110000000
00000000110000000000001100000000
00000000001111111111111000000000
00000000001111111111110000000000
00000000000111111111110000000000
00000000000000000000000000000000