00000000000011111111111000000000
00000000000111111111111100000000
00000000011111100000111110000000
00000000011111000000111111000000
00000000011111000000011111000000
00000000011100000000000111000000
00000000011100000000000111000000
00000000011110000000000111000000
00000000011111000000000111000000
00000000011111100000000111000000
00000000011111110000000110000000
00000000011111111000011000000000
00000000011111111100111000000000
00000000001111111111111000000000
00000000000111111111111000000000
00000000000111111111111000000000
00000000001111111111111110000000
00000000011111100000111111000000
00000000111111000000011111000000
00000001111110000000001111000000
00000011111100000000000111000000
00000011111100000000000111000000
00000011111100000000000111000000
00000011111100000000000111000000
00000011111100000000000111000000
00000000111111000000011111000000
00000000011111000000111111000000
00000000011111100000111111000000
00000000000111111111111100000000
00000000000011111111111000000000
00000000000011111111111000000000
00000000000000000000000000000000