00000000000111111111100000000000
00000000001111111111100000000000
00000000011111101111111000000000
00000000111111000111111100000000
00000001111111000111111100000000
00000011111100000111111100000000
00000111111000000111111100000000
00001111111000000111111100000000
00001111111000000111111100000000
00001111111000000111111100000000
00000111111000000111111000000000
00000011111100001111110000000000
00000001111111111111100000000000
00000000111111111111100000000000
00000001111111111111100000000000
00000111111111100111111000000000
00001111111111000111111100000000
00001111111110000011111100000000
00001111111100000000111111000000
00001111111000000000111111100000
00001111111000000000111111100000
00001111111000000000111111100000
00001111111000000000111111100000
00001111111000000000111111100000
00001111111110000001111110000000
00001111111111000011111100000000
00000111111111000111111000000000
00000011111111101111110000000000
00000001111111111111100000000000
00000000111111111111000000000000
00000000011111111111000000000000
00000000000000000000000000000000