00000000001111111110000000000000
00000000001111111110000000000000
00000001110000000001110000000000
00000001110000000001110000000000
00000011110000000000111000000000
00000011110000000000001100000000
00000011110000000000001110000000
00000011110000000000001111000000
00000011110000000000001111000000
00000011110000000000001111000000
00000011110000000000001111000000
00000011110000000000011111000000
00000011110000000000111111000000
00000001110000000001111111000000
00000001110000000001111111000000
00000000001111111110001111000000
00000000001111111110001111000000
00000000001111111110001111000000
00000000000000000000001111000000
00000000000000000000001111000000
00000000000000000000001111000000
00000000000000000000001111000000
00000000000000000000001111000000
00000000000000000000001110000000
00000000000000000000011100000000
00000000001110000000111000000000
00000000001110000001110000000000
00000000000110000001100000000000
00000000000001111110000000000000
00000000000001111110000000000000
00000000000000111100000000000000
00000000000000000000000000000000