00000000001111111100000000000000
00000000001111111100000000000000
00000001110000000011100000000000
00000001110000000011100000000000
00000001110000000001100000000000
00000001110000000000011100000000
00000001110000000000011100000000
00000001110000000000011100000000
00000001110000000000011100000000
00000001110000000000011100000000
00000001110000000000011100000000
00000001110000000000011100000000
00000001110000000000011100000000
00000001110000000000111100000000
00000001110000000001111100000000
00000001110000000011111100000000
00000000111111111111111100000000
00000000001111111100011100000000
00000000001111111100011100000000
00000000000000000000011100000000
00000000000000000000011100000000
00000000000000000000011100000000
00000000000000000000011100000000
00000000000000000000011100000000
00000000000000000000011100000000
00000000000100000001100000000000
00000000001100000001100000000000
00000000001110000011100000000000
00000000000001111100000000000000
00000000000001111100000000000000
00000000000001111100000000000000
00000000000000000000000000000000